0
0
0
0
0
0
0
0
0
2.5
2.5
2.5
2.5
2.5
2.5
1.5
1
1.5
1
2
2.5
0.5
1
1
4.5
4.5
4.5
3
4
4
2
2
3.5
0.5
0.5
1
1
0.5
0.5
1
1
0.5
0.5
0.5
1.5
1.5
5
1
2.5
0
3.5
6
6
6
3.5
3.5
2.5
5
4
4
4
4
4
4
4
4
4
4
4
4
4
4
0
0
0
0
0
0
0
0
0
0
0
0
0
0
0
0
0
0
0
0
0
0
0
0
0
0
0
0
0
0
0
0
0
0
0
0
0
4.5
4.5
0.5
0
1
0
0
0
3
3
0
0
1
0
0.5
2
0
1.5
0
0
4.5
4.5
4.5
4.5
4.5
4.5
4.5
0
2.5
0
0
0
0
0
1.5
0
0
0
0
5
0
1.5
5
0
0
0
1.5
2.5
0
0
2.5
0
0
0
1.5
0
0
0
0
2.5
0
0
0.5
1.5
1.5
0
0
0
3.5
0
1
4.5
4.5
2
2
2
2
2
2.5
6
6
4.5
4.5
4.5
4.5
4.5
4.5
4.5
4.5
4.5
4.5
3.5
6
4.5